0.340503 -0.866634 0.005526 1.500000
0.440503 -0.866634 0.005526 1.500000
0.440503 -0.766634 0.005526 1.500000
0.340503 -0.766634 0.005526 1.500000
0.340503 -0.666634 0.005526 1.500000
0.440503 -0.666634 0.005526 1.500000
0.440503 -0.566634 0.005526 1.500000
0.340503 -0.566634 0.005526 1.500000
0.340503 -0.466634 0.005526 1.500000
0.440503 -0.466634 0.005526 1.500000
0.440503 -0.366634 0.005526 1.500000
0.340503 -0.366634 0.005526 1.500000
0.340503 -0.266634 0.005526 1.500000
0.440503 -0.266634 0.005526 1.500000
0.440503 -0.166634 0.005526 1.500000
0.340503 -0.166634 0.005526 1.500000
0.340503 -0.066634 0.005526 1.500000
0.440503 -0.066634 0.005526 1.500000
0.440503 0.033366 0.005526 1.500000
0.340503 0.033366 0.005526 1.500000
0.340503 0.133366 0.005526 1.500000
0.440503 0.133366 0.005526 1.500000
0.440503 0.233366 0.005526 1.500000
0.340503 0.233366 0.005526 1.500000
0.340503 0.333366 0.005526 1.500000
0.440503 0.333366 0.005526 1.500000
0.440503 0.433366 0.005526 1.500000
0.340503 0.433366 0.005526 1.500000
0.340503 0.533366 0.005526 1.500000
0.440503 0.533366 0.005526 1.500000
0.440503 0.633366 0.005526 1.500000
0.340503 0.633366 0.005526 1.500000
0.340503 0.733366 0.005526 1.500000
0.440503 0.733366 0.005526 1.500000
0.440503 0.833366 0.005526 1.500000
0.340503 0.833366 0.005526 1.500000
0.540503 -0.866634 0.005526 1.500000
0.640503 -0.866634 0.005526 1.500000
0.640503 -0.766634 0.005526 1.500000
0.540503 -0.766634 0.005526 1.500000
0.540503 -0.666634 0.005526 1.500000
0.640503 -0.666634 0.005526 1.500000
0.640503 -0.566634 0.005526 1.500000
0.540503 -0.566634 0.005526 1.500000
0.540503 -0.466634 0.005526 1.500000
0.640503 -0.466634 0.005526 1.500000
0.640503 -0.366634 0.005526 1.500000
0.540503 -0.366634 0.005526 1.500000
0.540503 -0.266634 0.005526 1.500000
0.640503 -0.266634 0.005526 1.500000
0.640503 -0.166634 0.005526 1.500000
0.540503 -0.166634 0.005526 1.500000
0.540503 -0.066634 0.005526 1.500000
0.640503 -0.066634 0.005526 1.500000
0.640503 0.033366 0.005526 1.500000
0.540503 0.033366 0.005526 1.500000
0.540503 0.133366 0.005526 1.500000
0.640503 0.133366 0.005526 1.500000
0.640503 0.233366 0.005526 1.500000
0.540503 0.233366 0.005526 1.500000
0.540503 0.333366 0.005526 1.500000
0.640503 0.333366 0.005526 1.500000
0.640503 0.433366 0.005526 1.500000
0.540503 0.433366 0.005526 1.500000
0.540503 0.533366 0.005526 1.500000
0.640503 0.533366 0.005526 1.500000
0.640503 0.633366 0.005526 1.500000
0.540503 0.633366 0.005526 1.500000
0.540503 0.733366 0.005526 1.500000
0.640503 0.733366 0.005526 1.500000
0.640503 0.833366 0.005526 1.500000
0.540503 0.833366 0.005526 1.500000
0.740503 -0.866634 0.005526 1.500000
0.840503 -0.866634 0.005526 1.500000
0.840503 -0.766634 0.005526 1.500000
0.740503 -0.766634 0.005526 1.500000
0.740503 -0.666634 0.005526 1.500000
0.840503 -0.666634 0.005526 1.500000
0.840503 -0.566634 0.005526 1.500000
0.740503 -0.566634 0.005526 1.500000
0.740503 -0.466634 0.005526 1.500000
0.840503 -0.466634 0.005526 1.500000
0.840503 -0.366634 0.005526 1.500000
0.740503 -0.366634 0.005526 1.500000
0.740503 -0.266634 0.005526 1.500000
0.840503 -0.266634 0.005526 1.500000
0.840503 -0.166634 0.005526 1.500000
0.740503 -0.166634 0.005526 1.500000
0.740503 -0.066634 0.005526 1.500000
0.840503 -0.066634 0.005526 1.500000
0.840503 0.033366 0.005526 1.500000
0.740503 0.033366 0.005526 1.500000
0.740503 0.133366 0.005526 1.500000
0.840503 0.133366 0.005526 1.500000
0.840503 0.233366 0.005526 1.500000
0.740503 0.233366 0.005526 1.500000
0.740503 0.333366 0.005526 1.500000
0.840503 0.333366 0.005526 1.500000
0.840503 0.433366 0.005526 1.500000
0.740503 0.433366 0.005526 1.500000
0.740503 0.533366 0.005526 1.500000
0.840503 0.533366 0.005526 1.500000
0.840503 0.633366 0.005526 1.500000
0.740503 0.633366 0.005526 1.500000
0.740503 0.733366 0.005526 1.500000
0.840503 0.733366 0.005526 1.500000
0.840503 0.833366 0.005526 1.500000
0.740503 0.833366 0.005526 1.500000
0.940503 -1.066634 0.005526 1.500000
1.040503 -1.066634 0.005526 1.500000
1.040503 -0.966634 0.005526 1.500000
0.940503 -0.966634 0.005526 1.500000
0.940503 -0.866634 0.005526 1.500000
1.040503 -0.866634 0.005526 1.500000
1.040503 -0.766634 0.005526 1.500000
0.940503 -0.766634 0.005526 1.500000
0.940503 -0.666634 0.005526 1.500000
1.040503 -0.666634 0.005526 1.500000
1.040503 -0.566634 0.005526 1.500000
0.940503 -0.566634 0.005526 1.500000
0.940503 -0.466634 0.005526 1.500000
1.040503 -0.466634 0.005526 1.500000
1.040503 -0.366634 0.005526 1.500000
0.940503 -0.366634 0.005526 1.500000
0.940503 -0.266634 0.005526 1.500000
1.040503 -0.266634 0.005526 1.500000
1.040503 -0.166634 0.005526 1.500000
0.940503 -0.166634 0.005526 1.500000
0.940503 -0.066634 0.005526 1.500000
1.040503 -0.066634 0.005526 1.500000
1.040503 0.033366 0.005526 1.500000
0.940503 0.033366 0.005526 1.500000
0.940503 0.133366 0.005526 1.500000
1.040503 0.133366 0.005526 1.500000
1.040503 0.233366 0.005526 1.500000
0.940503 0.233366 0.005526 1.500000
0.940503 0.333366 0.005526 1.500000
1.040503 0.333366 0.005526 1.500000
1.040503 0.433366 0.005526 1.500000
0.940503 0.433366 0.005526 1.500000
0.940503 0.533366 0.005526 1.500000
1.040503 0.533366 0.005526 1.500000
1.040503 0.633366 0.005526 1.500000
0.940503 0.633366 0.005526 1.500000
0.940503 0.733366 0.005526 1.500000
1.040503 0.733366 0.005526 1.500000
1.040503 0.833366 0.005526 1.500000
0.940503 0.833366 0.005526 1.500000
1.140503 -1.066634 0.005526 1.500000
1.240503 -1.066634 0.005526 1.500000
1.240503 -0.966634 0.005526 1.500000
1.140503 -0.966634 0.005526 1.500000
1.140503 -0.866634 0.005526 1.500000
1.240503 -0.866634 0.005526 1.500000
1.240503 -0.766634 0.005526 1.500000
1.140503 -0.766634 0.005526 1.500000
1.140503 -0.666634 0.005526 1.500000
1.240503 -0.666634 0.005526 1.500000
1.240503 -0.566634 0.005526 1.500000
1.140503 -0.566634 0.005526 1.500000
1.140503 -0.466634 0.005526 1.500000
1.240503 -0.466634 0.005526 1.500000
1.240503 -0.366634 0.005526 1.500000
1.140503 -0.366634 0.005526 1.500000
1.140503 -0.266634 0.005526 1.500000
1.240503 -0.266634 0.005526 1.500000
1.240503 -0.166634 0.005526 1.500000
1.140503 -0.166634 0.005526 1.500000
1.140503 -0.066634 0.005526 1.500000
1.240503 -0.066634 0.005526 1.500000
1.240503 0.033366 0.005526 1.500000
1.140503 0.033366 0.005526 1.500000
1.140503 0.133366 0.005526 1.500000
1.240503 0.133366 0.005526 1.500000
1.240503 0.233366 0.005526 1.500000
1.140503 0.233366 0.005526 1.500000
1.140503 0.333366 0.005526 1.500000
1.240503 0.333366 0.005526 1.500000
1.240503 0.433366 0.005526 1.500000
1.140503 0.433366 0.005526 1.500000
1.140503 0.533366 0.005526 1.500000
1.240503 0.533366 0.005526 1.500000
1.240503 0.633366 0.005526 1.500000
1.140503 0.633366 0.005526 1.500000
1.340503 -1.066634 0.005526 1.500000
1.440503 -1.066634 0.005526 1.500000
1.440503 -0.966634 0.005526 1.500000
1.340503 -0.966634 0.005526 1.500000
1.340503 -0.866634 0.005526 1.500000
1.440503 -0.866634 0.005526 1.500000
1.440503 -0.766634 0.005526 1.500000
1.340503 -0.766634 0.005526 1.500000
1.340503 -0.666634 0.005526 1.500000
1.440503 -0.666634 0.005526 1.500000
1.440503 -0.566634 0.005526 1.500000
1.340503 -0.566634 0.005526 1.500000
1.340503 -0.466634 0.005526 1.500000
1.440503 -0.466634 0.005526 1.500000
1.440503 -0.366634 0.005526 1.500000
1.340503 -0.366634 0.005526 1.500000
1.340503 -0.266634 0.005526 1.500000
1.440503 -0.266634 0.005526 1.500000
1.440503 -0.166634 0.005526 1.500000
1.340503 -0.166634 0.005526 1.500000
1.340503 -0.066634 0.005526 1.500000
1.440503 -0.066634 0.005526 1.500000
1.440503 0.033366 0.005526 1.500000
1.340503 0.033366 0.005526 1.500000
1.340503 0.133366 0.005526 1.500000
1.440503 0.133366 0.005526 1.500000
1.440503 0.233366 0.005526 1.500000
1.340503 0.233366 0.005526 1.500000
1.340503 0.333366 0.005526 1.500000
1.440503 0.333366 0.005526 1.500000
1.440503 0.433366 0.005526 1.500000
1.340503 0.433366 0.005526 1.500000
1.340503 0.533366 0.005526 1.500000
1.440503 0.533366 0.005526 1.500000
1.440503 0.633366 0.005526 1.500000
1.340503 0.633366 0.005526 1.500000
1.540503 -1.066634 0.005526 1.500000
1.640503 -1.066634 0.005526 1.500000
1.640503 -0.966634 0.005526 1.500000
1.540503 -0.966634 0.005526 1.500000
1.540503 -0.866634 0.005526 1.500000
1.640503 -0.866634 0.005526 1.500000
1.640503 -0.766634 0.005526 1.500000
1.540503 -0.766634 0.005526 1.500000
1.540503 -0.666634 0.005526 1.500000
1.640503 -0.666634 0.005526 1.500000
1.640503 -0.566634 0.005526 1.500000
1.540503 -0.566634 0.005526 1.500000
1.540503 -0.466634 0.005526 1.500000
1.640503 -0.466634 0.005526 1.500000
1.640503 -0.366634 0.005526 1.500000
1.540503 -0.366634 0.005526 1.500000
1.540503 -0.266634 0.005526 1.500000
1.640503 -0.266634 0.005526 1.500000
1.640503 -0.166634 0.005526 1.500000
1.540503 -0.166634 0.005526 1.500000
1.540503 -0.066634 0.005526 1.500000
1.640503 -0.066634 0.005526 1.500000
1.640503 0.033366 0.005526 1.500000
1.540503 0.033366 0.005526 1.500000
1.540503 0.133366 0.005526 1.500000
1.640503 0.133366 0.005526 1.500000
1.640503 0.233366 0.005526 1.500000
1.540503 0.233366 0.005526 1.500000
1.540503 0.333366 0.005526 1.500000
1.640503 0.333366 0.005526 1.500000
1.640503 0.433366 0.005526 1.500000
1.540503 0.433366 0.005526 1.500000
1.540503 0.533366 0.005526 1.500000
1.640503 0.533366 0.005526 1.500000
1.640503 0.633366 0.005526 1.500000
1.540503 0.633366 0.005526 1.500000
1.740503 -0.066634 0.005526 1.500000
1.840503 -0.066634 0.005526 1.500000
1.840503 0.033366 0.005526 1.500000
1.740503 0.033366 0.005526 1.500000
1.740503 0.133366 0.005526 1.500000
1.840503 0.133366 0.005526 1.500000
1.840503 0.233366 0.005526 1.500000
1.740503 0.233366 0.005526 1.500000
1.740503 0.333366 0.005526 1.500000
1.840503 0.333366 0.005526 1.500000
1.840503 0.433366 0.005526 1.500000
1.740503 0.433366 0.005526 1.500000
1.740503 0.533366 0.005526 1.500000
1.840503 0.533366 0.005526 1.500000
1.840503 0.633366 0.005526 1.500000
1.740503 0.633366 0.005526 1.500000
