0.321297 0.525042 -0.349272 0.008200
0.297174 0.649427 -0.340612 0.016861
0.299802 -0.854205 -0.015392 1.500000
0.399802 -0.854205 -0.015392 1.500000
0.399802 -0.754205 -0.015392 1.500000
0.299802 -0.754205 -0.015392 1.500000
0.299802 -0.654205 -0.015392 1.500000
0.399802 -0.654205 -0.015392 1.500000
0.399802 -0.554205 -0.015392 1.500000
0.299802 -0.554205 -0.015392 1.500000
0.299802 -0.454205 -0.015392 1.500000
0.399802 -0.454205 -0.015392 1.500000
0.399802 -0.354205 -0.015392 1.500000
0.299802 -0.354205 -0.015392 1.500000
0.299802 -0.254205 -0.015392 1.500000
0.399802 -0.254205 -0.015392 1.500000
0.399802 -0.154205 -0.015392 1.500000
0.299802 -0.154205 -0.015392 1.500000
0.299802 -0.054205 -0.015392 1.500000
0.399802 -0.054205 -0.015392 1.500000
0.399802 0.045795 -0.015392 1.500000
0.299802 0.045795 -0.015392 1.500000
0.299802 0.145795 -0.015392 1.500000
0.399802 0.145795 -0.015392 1.500000
0.399802 0.245795 -0.015392 1.500000
0.299802 0.245795 -0.015392 1.500000
0.299802 0.345795 -0.015392 1.500000
0.399802 0.345795 -0.015392 1.500000
0.399802 0.445795 -0.015392 1.500000
0.299802 0.445795 -0.015392 1.500000
0.299802 0.745795 -0.015392 1.500000
0.399802 0.745795 -0.015392 1.500000
0.399802 0.845795 -0.015392 1.500000
0.299802 0.845795 -0.015392 1.500000
0.499802 -0.854205 -0.015392 1.500000
0.599802 -0.854205 -0.015392 1.500000
0.599802 -0.754205 -0.015392 1.500000
0.499802 -0.754205 -0.015392 1.500000
0.499802 -0.654205 -0.015392 1.500000
0.599802 -0.654205 -0.015392 1.500000
0.599802 -0.554205 -0.015392 1.500000
0.499802 -0.554205 -0.015392 1.500000
0.499802 -0.454205 -0.015392 1.500000
0.599802 -0.454205 -0.015392 1.500000
0.599802 -0.354205 -0.015392 1.500000
0.499802 -0.354205 -0.015392 1.500000
0.499802 -0.254205 -0.015392 1.500000
0.599802 -0.254205 -0.015392 1.500000
0.599802 -0.154205 -0.015392 1.500000
0.499802 -0.154205 -0.015392 1.500000
0.499802 -0.054205 -0.015392 1.500000
0.599802 -0.054205 -0.015392 1.500000
0.599802 0.045795 -0.015392 1.500000
0.499802 0.045795 -0.015392 1.500000
0.499802 0.145795 -0.015392 1.500000
0.599802 0.145795 -0.015392 1.500000
0.599802 0.245795 -0.015392 1.500000
0.499802 0.245795 -0.015392 1.500000
0.499802 0.345795 -0.015392 1.500000
0.599802 0.345795 -0.015392 1.500000
0.599802 0.445795 -0.015392 1.500000
0.499802 0.445795 -0.015392 1.500000
0.499802 0.545795 -0.015392 1.500000
0.599802 0.545795 -0.015392 1.500000
0.599802 0.645795 -0.015392 1.500000
0.499802 0.645795 -0.015392 1.500000
0.499802 0.745795 -0.015392 1.500000
0.599802 0.745795 -0.015392 1.500000
0.599802 0.845795 -0.015392 1.500000
0.499802 0.845795 -0.015392 1.500000
0.699802 -0.854205 -0.015392 1.500000
0.799802 -0.854205 -0.015392 1.500000
0.799802 -0.754205 -0.015392 1.500000
0.699802 -0.754205 -0.015392 1.500000
0.699802 -0.654205 -0.015392 1.500000
0.799802 -0.654205 -0.015392 1.500000
0.799802 -0.554205 -0.015392 1.500000
0.699802 -0.554205 -0.015392 1.500000
0.699802 -0.454205 -0.015392 1.500000
0.799802 -0.454205 -0.015392 1.500000
0.799802 -0.354205 -0.015392 1.500000
0.699802 -0.354205 -0.015392 1.500000
0.699802 -0.254205 -0.015392 1.500000
0.799802 -0.254205 -0.015392 1.500000
0.799802 -0.154205 -0.015392 1.500000
0.699802 -0.154205 -0.015392 1.500000
0.699802 -0.054205 -0.015392 1.500000
0.799802 -0.054205 -0.015392 1.500000
0.799802 0.045795 -0.015392 1.500000
0.699802 0.045795 -0.015392 1.500000
0.699802 0.145795 -0.015392 1.500000
0.799802 0.145795 -0.015392 1.500000
0.799802 0.245795 -0.015392 1.500000
0.699802 0.245795 -0.015392 1.500000
0.699802 0.345795 -0.015392 1.500000
0.799802 0.345795 -0.015392 1.500000
0.799802 0.445795 -0.015392 1.500000
0.699802 0.445795 -0.015392 1.500000
0.699802 0.545795 -0.015392 1.500000
0.799802 0.545795 -0.015392 1.500000
0.799802 0.645795 -0.015392 1.500000
0.699802 0.645795 -0.015392 1.500000
0.699802 0.745795 -0.015392 1.500000
0.799802 0.745795 -0.015392 1.500000
0.799802 0.845795 -0.015392 1.500000
0.699802 0.845795 -0.015392 1.500000
0.899802 -0.854205 -0.015392 1.500000
0.999802 -0.854205 -0.015392 1.500000
0.999802 -0.754205 -0.015392 1.500000
0.899802 -0.754205 -0.015392 1.500000
0.899802 -0.654205 -0.015392 1.500000
0.999802 -0.654205 -0.015392 1.500000
0.999802 -0.554205 -0.015392 1.500000
0.899802 -0.554205 -0.015392 1.500000
0.899802 -0.454205 -0.015392 1.500000
0.999802 -0.454205 -0.015392 1.500000
0.999802 -0.354205 -0.015392 1.500000
0.899802 -0.354205 -0.015392 1.500000
0.899802 -0.254205 -0.015392 1.500000
0.999802 -0.254205 -0.015392 1.500000
0.999802 -0.154205 -0.015392 1.500000
0.899802 -0.154205 -0.015392 1.500000
0.899802 -0.054205 -0.015392 1.500000
0.999802 -0.054205 -0.015392 1.500000
0.999802 0.045795 -0.015392 1.500000
0.899802 0.045795 -0.015392 1.500000
0.899802 0.145795 -0.015392 1.500000
0.999802 0.145795 -0.015392 1.500000
0.999802 0.245795 -0.015392 1.500000
0.899802 0.245795 -0.015392 1.500000
0.899802 0.345795 -0.015392 1.500000
0.999802 0.345795 -0.015392 1.500000
0.999802 0.445795 -0.015392 1.500000
0.899802 0.445795 -0.015392 1.500000
0.899802 0.545795 -0.015392 1.500000
0.999802 0.545795 -0.015392 1.500000
0.999802 0.645795 -0.015392 1.500000
0.899802 0.645795 -0.015392 1.500000
0.899802 0.745795 -0.015392 1.500000
0.999802 0.745795 -0.015392 1.500000
0.999802 0.845795 -0.015392 1.500000
0.899802 0.845795 -0.015392 1.500000
1.099802 -0.854205 -0.015392 1.500000
1.199802 -0.854205 -0.015392 1.500000
1.199802 -0.754205 -0.015392 1.500000
1.099802 -0.754205 -0.015392 1.500000
1.099802 -0.654205 -0.015392 1.500000
1.199802 -0.654205 -0.015392 1.500000
1.199802 -0.554205 -0.015392 1.500000
1.099802 -0.554205 -0.015392 1.500000
1.099802 -0.454205 -0.015392 1.500000
1.199802 -0.454205 -0.015392 1.500000
1.199802 -0.354205 -0.015392 1.500000
1.099802 -0.354205 -0.015392 1.500000
1.099802 -0.254205 -0.015392 1.500000
1.199802 -0.254205 -0.015392 1.500000
1.199802 -0.154205 -0.015392 1.500000
1.099802 -0.154205 -0.015392 1.500000
1.099802 -0.054205 -0.015392 1.500000
1.199802 -0.054205 -0.015392 1.500000
1.199802 0.045795 -0.015392 1.500000
1.099802 0.045795 -0.015392 1.500000
1.099802 0.145795 -0.015392 1.500000
1.199802 0.145795 -0.015392 1.500000
1.199802 0.245795 -0.015392 1.500000
1.099802 0.245795 -0.015392 1.500000
1.099802 0.345795 -0.015392 1.500000
1.199802 0.345795 -0.015392 1.500000
1.199802 0.445795 -0.015392 1.500000
1.099802 0.445795 -0.015392 1.500000
1.099802 0.545795 -0.015392 1.500000
1.199802 0.545795 -0.015392 1.500000
1.199802 0.645795 -0.015392 1.500000
1.099802 0.645795 -0.015392 1.500000
1.099802 0.745795 -0.015392 1.500000
1.199802 0.745795 -0.015392 1.500000
1.199802 0.845795 -0.015392 1.500000
1.099802 0.845795 -0.015392 1.500000
1.299802 -0.854205 -0.015392 1.500000
1.399802 -0.854205 -0.015392 1.500000
1.399802 -0.754205 -0.015392 1.500000
1.299802 -0.754205 -0.015392 1.500000
1.299802 -0.654205 -0.015392 1.500000
1.399802 -0.654205 -0.015392 1.500000
1.399802 -0.554205 -0.015392 1.500000
1.299802 -0.554205 -0.015392 1.500000
1.299802 -0.454205 -0.015392 1.500000
1.399802 -0.454205 -0.015392 1.500000
1.399802 -0.354205 -0.015392 1.500000
1.299802 -0.354205 -0.015392 1.500000
1.299802 -0.254205 -0.015392 1.500000
1.399802 -0.254205 -0.015392 1.500000
1.399802 -0.154205 -0.015392 1.500000
1.299802 -0.154205 -0.015392 1.500000
1.299802 -0.054205 -0.015392 1.500000
1.399802 -0.054205 -0.015392 1.500000
1.399802 0.045795 -0.015392 1.500000
1.299802 0.045795 -0.015392 1.500000
1.299802 0.145795 -0.015392 1.500000
1.399802 0.145795 -0.015392 1.500000
1.399802 0.245795 -0.015392 1.500000
1.299802 0.245795 -0.015392 1.500000
1.299802 0.345795 -0.015392 1.500000
1.399802 0.345795 -0.015392 1.500000
1.399802 0.445795 -0.015392 1.500000
1.299802 0.445795 -0.015392 1.500000
1.299802 0.545795 -0.015392 1.500000
1.399802 0.545795 -0.015392 1.500000
1.399802 0.645795 -0.015392 1.500000
1.299802 0.645795 -0.015392 1.500000
1.299802 0.745795 -0.015392 1.500000
1.399802 0.745795 -0.015392 1.500000
1.399802 0.845795 -0.015392 1.500000
1.299802 0.845795 -0.015392 1.500000
1.499802 -0.854205 -0.015392 1.500000
1.599802 -0.854205 -0.015392 1.500000
1.599802 -0.754205 -0.015392 1.500000
1.499802 -0.754205 -0.015392 1.500000
1.499802 -0.654205 -0.015392 1.500000
1.599802 -0.654205 -0.015392 1.500000
1.599802 -0.554205 -0.015392 1.500000
1.499802 -0.554205 -0.015392 1.500000
1.499802 -0.454205 -0.015392 1.500000
1.599802 -0.454205 -0.015392 1.500000
1.599802 -0.354205 -0.015392 1.500000
1.499802 -0.354205 -0.015392 1.500000
1.499802 -0.254205 -0.015392 1.500000
1.599802 -0.254205 -0.015392 1.500000
1.599802 -0.154205 -0.015392 1.500000
1.499802 -0.154205 -0.015392 1.500000
1.499802 -0.054205 -0.015392 1.500000
1.599802 -0.054205 -0.015392 1.500000
1.599802 0.045795 -0.015392 1.500000
1.499802 0.045795 -0.015392 1.500000
1.499802 0.145795 -0.015392 1.500000
1.599802 0.145795 -0.015392 1.500000
1.599802 0.245795 -0.015392 1.500000
1.499802 0.245795 -0.015392 1.500000
1.499802 0.345795 -0.015392 1.500000
1.599802 0.345795 -0.015392 1.500000
1.599802 0.445795 -0.015392 1.500000
1.499802 0.445795 -0.015392 1.500000
1.499802 0.545795 -0.015392 1.500000
1.599802 0.545795 -0.015392 1.500000
1.599802 0.645795 -0.015392 1.500000
1.499802 0.645795 -0.015392 1.500000
1.499802 0.745795 -0.015392 1.500000
1.599802 0.745795 -0.015392 1.500000
1.599802 0.845795 -0.015392 1.500000
1.499802 0.845795 -0.015392 1.500000
1.699802 -0.054205 -0.015392 1.500000
1.799802 -0.054205 -0.015392 1.500000
1.799802 0.045795 -0.015392 1.500000
1.699802 0.045795 -0.015392 1.500000
1.699802 0.145795 -0.015392 1.500000
1.799802 0.145795 -0.015392 1.500000
1.799802 0.245795 -0.015392 1.500000
1.699802 0.245795 -0.015392 1.500000
1.699802 0.345795 -0.015392 1.500000
1.799802 0.345795 -0.015392 1.500000
1.799802 0.445795 -0.015392 1.500000
1.699802 0.445795 -0.015392 1.500000
1.699802 0.545795 -0.015392 1.500000
1.799802 0.545795 -0.015392 1.500000
1.799802 0.645795 -0.015392 1.500000
1.699802 0.645795 -0.015392 1.500000
1.699802 0.745795 -0.015392 1.500000
1.799802 0.745795 -0.015392 1.500000
1.799802 0.845795 -0.015392 1.500000
1.699802 0.845795 -0.015392 1.500000
